    Measured(mbps) Selected_PHY(mbps) MCS RSSI(dBm)
1   3.08            4.44               9   -52
2   2.89            4.00               8   -61
3   1.66            2.67               5   -72
4   0.64            1.00               2   -86
5   2.54            3.34               7   -64
6   1.49            2.00               4   -78
7   1.92            2.67               5   -72
8   0.13            0.33               0   -95
9   0.28            0.67               1   -88
10  0.81            1.33               3   -80
11  1.04            2.00               4   -79
12  1.60            2.67               5   -74
13  0.81            1.33               3   -81
14  0.45            0.67               1   -88
15  0.14            0.33               0   -94
16  0.37            0.67               1   -86
17  0.89            1.33               3   -81
18  0.61            1.00               2   -84
19  2.56            3.34               7   -65
20  1.87            2.67               5   -71

MP-AP 3.01          4.00               8   -62